1769915478540 0.5653796792030334 0
1769915479574 0.4479781985282898 1
1769915480278 0.4110066890716553 2
1769915481548 0.38576772809028625 3
1769915482672 0.35000327229499817 4
1769915483629 0.31823545694351196 5
1769915484506 0.30092570185661316 6
1769915485250 0.2912796437740326 7
1769915486187 0.2741309106349945 8
1769915487159 0.25616875290870667 9
1769915487912 0.24722136557102203 10
1769915488877 0.23795266449451447 11
1769915489836 0.21311171352863312 12
1769915490546 0.21301163733005524 13
