1769913850190 0.3701282739639282 0
1769913850382 0.332220196723938 1
1769913850586 0.31870076060295105 2
1769913850850 0.30905061960220337 3
1769913851136 0.302437961101532 4
1769913851424 0.2948254644870758 5
1769913851608 0.28820735216140747 6
1769913851836 0.2826251983642578 7
1769913852022 0.2767024040222168 8
1769913852190 0.2697876989841461 9
1769913852400 0.263682097196579 10
1769913852595 0.26068025827407837 11
1769913852796 0.25857841968536377 12
1769913852974 0.2553711533546448 13
1769913853168 0.25192418694496155 14
