1769913850190 0.7428571428571429 0
1769913850382 0.7053571428571429 1
1769913850586 0.7071428571428572 2
1769913850850 0.7035714285714286 3
1769913851136 0.7107142857142857 4
1769913851424 0.7232142857142857 5
1769913851608 0.7321428571428571 6
1769913851836 0.7464285714285714 7
1769913852022 0.7696428571428572 8
1769913852190 0.7821428571428571 9
1769913852400 0.7803571428571429 10
1769913852595 0.7767857142857143 11
1769913852796 0.7714285714285715 12
1769913852974 0.7910714285714285 13
1769913853168 0.8035714285714286 14
