1769913850190 0.7893738140417458 0
1769913850382 0.7798617966436328 1
1769913850586 0.7857142857142857 2
1769913850850 0.7856430707876371 3
1769913851136 0.7912524850894632 4
1769913851424 0.8003952569169961 5
1769913851608 0.8062930186823992 6
1769913851836 0.81640625 7
1769913852022 0.8296438883541867 8
1769913852190 0.8414985590778098 9
1769913852400 0.8403846153846154 10
1769913852595 0.8397683397683398 11
1769913852796 0.8412852969814996 12
1769913852974 0.8527430221366699 13
1769913853168 0.8595988538681948 14
