1769913850190 0.8421052631578947 0
1769913850382 0.8719646799116998 1
1769913850586 0.8839285714285714 2
1769913850850 0.8893905191873589 3
1769913851136 0.8923766816143498 4
1769913851424 0.8960176991150443 5
1769913851608 0.8971553610503282 6
1769913851836 0.9008620689655172 7
1769913852022 0.8997912317327766 8
1769913852190 0.9106029106029107 9
1769913852400 0.9104166666666667 10
1769913852595 0.9138655462184874 11
1769913852796 0.9250535331905781 12
1769913852974 0.9248434237995825 13
1769913853168 0.9240246406570842 14
