1769913850190 0.7705245535714287 0
1769913850382 0.8016741071428573 1
1769913850586 0.8147916666666667 2
1769913850850 0.8291741071428571 3
1769913851136 0.8362202380952382 4
1769913851424 0.8453422619047619 5
1769913851608 0.854985119047619 6
1769913851836 0.8609226190476191 7
1769913852022 0.8677455357142858 8
1769913852190 0.8786160714285713 9
1769913852400 0.8848214285714284 10
1769913852595 0.8881622023809523 11
1769913852796 0.8899107142857142 12
1769913852974 0.8928720238095238 13
1769913853168 0.8964806547619049 14
